0 0 0
1 1 1
2 1 8
3 4 2
4 3 24
5 21 36
6 1 1
7 1 13
8 2 6
9 6 1
10 19 31
11 6 7
12 24 1
13 2 6
14 1 4
15 49 1
16 19 9
17 71 1
18 59 1
19 1 -14
20 7 27
21 84 1
22 105 1
23 101 1
24 1 3
25 114 1
26 139 1
27 3 11
28 1 -20
29 13 16
30 16 9
31 4 29
32 20 10
33 18 32
34 17 33
35 1 -34
36 1 30
37 29 5
38 24 37
39 27 38
40 24 39
41 21 40
42 1 -41
43 28 12
44 30 43
45 32 12
46 23 44
47 48 46
48 40 47
49 31 48
50 48 49
51 41 50
52 1 -51
53 44 45
54 36 53
55 46 54
56 56 55
57 35 56
58 1 -57
59 48 15
60 53 59
61 47 60
62 57 61
63 48 62
64 47 63
65 58 64
66 56 65
67 1 -66
68 51 15
69 66 68
70 55 69
71 62 70
72 69 71
73 56 72
74 1 -73
75 52 17
76 57 75
77 53 76
78 67 77
79 65 78
80 78 79
81 80 80
82 1 -81
83 61 18
84 78 83
85 69 84
86 83 85
87 76 86
88 89 87
89 87 88
90 1 -89
91 86 21
92 80 91
93 86 92
94 93 21
95 92 93
96 83 95
97 83 96
98 1 -97
99 79 94
100 83 99
101 92 100
102 101 101
103 79 102
104 1 -103
105 94 22
106 88 105
107 84 106
108 99 107
109 1 -108
110 102 124
111 107 110
112 108 111
113 108 112
114 91 113
115 99 114
116 1 -115
117 101 23
118 97 117
119 98 118
120 98 119
121 108 120
122 1 -121
123 103 25
124 96 22
125 102 123
126 109 125
127 113 126
128 127 127
129 106 128
130 123 129
131 1 -130
132 122 134
133 119 132
134 114 25
135 118 133
136 114 135
137 119 136
138 126 137
139 1 -138
140 132 26
141 120 140
142 143 141
143 137 142
144 140 143
145 134 144
146 1 -145
147 145 149
148 144 147
149 131 26
150 126 148
151 141 150
152 144 151
153 142 26
154 1 -152
155 144 153
156 148 155
157 151 156
158 154 157
159 150 158
160 147 159
161 140 160
162 1 -161
